"x" "y" "sim1"
1 1 0.165452672435301
2 1 0.158361460448343
3 1 0.147937145184408
4 1 0.0936366965992079
5 1 0.0169184848721543
6 1 -0.0309634472365019
7 1 -0.0307054903617482
8 1 0.00117007628180662
9 1 0.0645267925948705
10 1 0.126372158125204
11 1 0.147417563661461
12 1 0.146494822188361
13 1 0.1088714289064
14 1 0.0727020969838522
15 1 0.0675488531651437
16 1 0.0837422252627102
17 1 0.122880192638294
18 1 0.164224830004068
19 1 0.163944226875091
20 1 0.158516493547607
21 1 0.151258510839105
22 1 0.130673224750115
23 1 0.0856457620696688
24 1 0.0628466299977498
25 1 0.0391812115423902
26 1 0.0526448658723759
27 1 0.0972352634851884
28 1 0.122119201715488
29 1 0.137159967987772
30 1 0.125557036146738
31 1 0.0811464458052936
32 1 0.0771298072786912
33 1 0.115433546286047
34 1 0.141686072796543
35 1 0.138066660333951
36 1 0.0887841186270076
37 1 0.0211200558258853
38 1 -0.0257886572673455
39 1 -0.0626701182934246
40 1 -0.109011993531606
41 1 -0.11140971002691
42 1 -0.077701614559735
43 1 -0.0665982994027715
44 1 -0.0545667821593247
45 1 -0.00579571435278285
46 1 0.0620342630691668
47 1 0.119672365510748
48 1 0.157772825727551
49 1 0.188088612498498
50 1 0.197726487806466
1 2 -0.0103422523387153
2 2 -0.0198077616347243
3 2 -0.0368964004798264
4 2 -0.0738048131797482
5 2 -0.104917922188799
6 2 -0.120055827711123
7 2 -0.105018799961575
8 2 -0.0963670685360866
9 2 -0.0629845212177096
10 2 -0.00669518936199654
11 2 -0.0100638843684203
12 2 -0.0519626616698874
13 2 -0.081133143576063
14 2 -0.0963658390570336
15 2 -0.0953839297778954
16 2 -0.0918452828021934
17 2 -0.0589653067762827
18 2 -0.0120965691238468
19 2 0.0264983070955564
20 2 0.0346323060977371
21 2 0.0267476890490746
22 2 0.0127779006524256
23 2 -0.00929833431854628
24 2 -0.0167812104777819
25 2 -0.0113464887500236
26 2 0.0145163031652346
27 2 0.0482223846584792
28 2 0.0948958900018247
29 2 0.13542168585003
30 2 0.132066400529636
31 2 0.106882270073382
32 2 0.0768968883323314
33 2 0.0762365211098553
34 2 0.0816920822115979
35 2 0.0732955759100051
36 2 0.0634254718310305
37 2 0.0290323270233076
38 2 -0.0261786249013835
39 2 -0.0779408325916882
40 2 -0.130482797638855
41 2 -0.16502105920096
42 2 -0.168239733892969
43 2 -0.103108548748629
44 2 -0.0290094257243216
45 2 0.0326539260745703
46 2 0.0856800078466402
47 2 0.152012149342637
48 2 0.218127926779953
49 2 0.262139775368421
50 2 0.273993646215138
1 3 -0.106068449260737
2 3 -0.137326537255645
3 3 -0.149439190671183
4 3 -0.127991339047478
5 3 -0.103691227847094
6 3 -0.0903141451565491
7 3 -0.0591058679368317
8 3 -0.0427009991269818
9 3 -0.0203375901273985
10 3 -0.0116731855009736
11 3 -0.0246322821821201
12 3 -0.0282925400456628
13 3 -0.0511564522001273
14 3 -0.0942995801993227
15 3 -0.122852337240706
16 3 -0.158844696970413
17 3 -0.159825903325163
18 3 -0.113394588006543
19 3 -0.0608350982192795
20 3 -0.0379473931679815
21 3 -0.0307359844441781
22 3 -0.0303247687721539
23 3 -0.012719138344241
24 3 0.0325061740699932
25 3 0.0798362364115984
26 3 0.113403762899356
27 3 0.135029004780261
28 3 0.178168176855419
29 3 0.216042483065394
30 3 0.219348506326646
31 3 0.181784172365924
32 3 0.134958782585783
33 3 0.0940597008616742
34 3 0.0424007325966058
35 3 0.0145051801694796
36 3 0.00825944098418634
37 3 -0.0377623803680468
38 3 -0.100035236498103
39 3 -0.16187863576444
40 3 -0.201137662605323
41 3 -0.222419728216788
42 3 -0.188905947443075
43 3 -0.118171819767298
44 3 -0.0389230099741932
45 3 0.051066664096782
46 3 0.131909392662829
47 3 0.18047080637591
48 3 0.20644592885175
49 3 0.220129565034133
50 3 0.253044910014399
1 4 0.0131681387965524
2 4 -0.021777704107016
3 4 -0.0499544275200303
4 4 -0.0414295153111642
5 4 -0.0118034821865531
6 4 0.0142371027646768
7 4 0.0461714687422208
8 4 0.0950709474086379
9 4 0.092095758222031
10 4 0.049926452971145
11 4 -0.00602601646663587
12 4 -0.0248469623491817
13 4 -0.033449945331064
14 4 -0.0516892681910015
15 4 -0.0632711502972878
16 4 -0.0682629053298709
17 4 -0.0676421883583072
18 4 -0.0855744500857635
19 4 -0.112702728569766
20 4 -0.106186066695109
21 4 -0.0692940758050413
22 4 -0.0109897697499653
23 4 0.0621120012512718
24 4 0.108902746398231
25 4 0.129588871190653
26 4 0.127362267609757
27 4 0.123490618243442
28 4 0.120566650527934
29 4 0.119661084167272
30 4 0.121777545850195
31 4 0.108149348842138
32 4 0.0620529938747168
33 4 0.0100859444942831
34 4 -0.0624867741942184
35 4 -0.137503083340186
36 4 -0.190064702562118
37 4 -0.215134915615204
38 4 -0.227476162664711
39 4 -0.215192750228093
40 4 -0.183444565040948
41 4 -0.165325258999242
42 4 -0.163611886898092
43 4 -0.149901742700699
44 4 -0.0889520728616692
45 4 0.00431460610380406
46 4 0.0713925890961922
47 4 0.117329041799951
48 4 0.166337199611635
49 4 0.210254652100245
50 4 0.215482698749062
1 5 0.101097326191212
2 5 0.0936152304956148
3 5 0.0598203623486934
4 5 0.0193044267908352
5 5 0.0169973714734288
6 5 0.0568769280049682
7 5 0.0932754813021915
8 5 0.108388574852466
9 5 0.0953176568263529
10 5 0.0722520541337848
11 5 0.0247369909402738
12 5 -0.0151276814655106
13 5 -0.0615643963523519
14 5 -0.108013153938201
15 5 -0.10778055957396
16 5 -0.0800155260784417
17 5 -0.054223953627586
18 5 -0.0424888036923421
19 5 -0.0486028885245517
20 5 -0.0601525882886909
21 5 -0.0583781368884614
22 5 -0.0321660250149412
23 5 0.0308163748115013
24 5 0.0950820020766465
25 5 0.129204811142724
26 5 0.113755018362887
27 5 0.0678649827282822
28 5 0.00312602727029562
29 5 -0.0207275007440831
30 5 -0.0270648297092498
31 5 -0.0602626257355062
32 5 -0.125694340697979
33 5 -0.178140032243293
34 5 -0.252682752110553
35 5 -0.32830213125811
36 5 -0.376759894899168
37 5 -0.405122428737585
38 5 -0.427098614126942
39 5 -0.392724367728182
40 5 -0.327860412981191
41 5 -0.272316582553151
42 5 -0.26927830877556
43 5 -0.271569975745903
44 5 -0.238563058334193
45 5 -0.16869654410516
46 5 -0.0761767356840143
47 5 -0.0158621583712718
48 5 -8.16106552298697e-05
49 5 0.031265611552812
50 5 0.0506640958785937
1 6 0.0549107324121886
2 6 0.0169556396965935
3 6 0.0230283056395172
4 6 0.0489994925548133
5 6 0.0835529398547615
6 6 0.121581066336257
7 6 0.134880334476257
8 6 0.121480440178142
9 6 0.0957029193069407
10 6 0.0502635505403411
11 6 -0.0101605166033428
12 6 -0.0744253806190738
13 6 -0.100129106201329
14 6 -0.103870693002202
15 6 -0.0881184439236465
16 6 -0.0359461863276899
17 6 -0.00328541333286066
18 6 -0.0104431749280523
19 6 -0.0349099529135252
20 6 -0.04701897816074
21 6 -0.0515597092702344
22 6 -0.0121226182063921
23 6 0.0361404319745566
24 6 0.0683996942128171
25 6 0.0963650580722947
26 6 0.131722832432372
27 6 0.118114449919262
28 6 0.0560875960831023
29 6 -0.00487559390266757
30 6 -0.0502313821580119
31 6 -0.0835573923576319
32 6 -0.136883042699743
33 6 -0.207856676283569
34 6 -0.263024984929582
35 6 -0.312426768858971
36 6 -0.349817146141692
37 6 -0.371503072409791
38 6 -0.371927133748665
39 6 -0.347995816416673
40 6 -0.307228070273408
41 6 -0.28019302163055
42 6 -0.279784715491833
43 6 -0.288755754565124
44 6 -0.283509381002118
45 6 -0.232110618887613
46 6 -0.177626957986359
47 6 -0.167770026788778
48 6 -0.177417545855803
49 6 -0.178530586128012
50 6 -0.179466876719793
1 7 0.0985145326722945
2 7 0.0307924666447199
3 7 -0.00793923477713451
4 7 -0.0320207625932916
5 7 -0.0326688794556585
6 7 -1.19539378660456e-05
7 7 0.00767240405862335
8 7 -0.0113931033838537
9 7 -0.0682476382396123
10 7 -0.131265576683025
11 7 -0.177323661276364
12 7 -0.206395361755107
13 7 -0.197290521056102
14 7 -0.15635146315147
15 7 -0.112377775543607
16 7 -0.0722789370215854
17 7 -0.029678635119456
18 7 0.0271906557944183
19 7 0.0634120579687115
20 7 0.0522086567832679
21 7 0.0253594265281871
22 7 0.0163823342966679
23 7 0.00169077961681284
24 7 0.000209188951380744
25 7 0.0406491204233186
26 7 0.0958414629478115
27 7 0.100890904472247
28 7 0.0578525754252493
29 7 -0.00506211462972762
30 7 -0.0663699194298669
31 7 -0.11963149355694
32 7 -0.163401382049881
33 7 -0.197213531313632
34 7 -0.223314987568468
35 7 -0.271463449213604
36 7 -0.305498803613101
37 7 -0.283904195516651
38 7 -0.213036738109055
39 7 -0.147179350672266
40 7 -0.106538299397025
41 7 -0.0722168424171409
42 7 -0.0614282889351214
43 7 -0.0688926794238031
44 7 -0.0775497301624151
45 7 -0.0612892914961298
46 7 -0.028535953855447
47 7 -0.0387517392515001
48 7 -0.0602963725207569
49 7 -0.079678241535464
50 7 -0.0710495796662462
1 8 0.189915704098009
2 8 0.135348826137441
3 8 0.102996211030071
4 8 0.0735729263472765
5 8 0.0384246967959066
6 8 -0.0108884519920426
7 8 -0.0476653941299259
8 8 -0.079772184503418
9 8 -0.134481928617506
10 8 -0.174063939203039
11 8 -0.204508151444927
12 8 -0.22316301951633
13 8 -0.198553754941285
14 8 -0.14771562017296
15 8 -0.0819157530891681
16 8 -0.0328436359801663
17 8 -0.00345256417577121
18 8 0.0191455622742265
19 8 0.0565418614774603
20 8 0.0624054710698869
21 8 0.0632632925853289
22 8 0.0540216640184733
23 8 0.0243254905880354
24 8 0.0205947127390406
25 8 0.0617410099932125
26 8 0.112851830250778
27 8 0.0943231646581183
28 8 0.0359852520147093
29 8 -0.0137872190535333
30 8 -0.0738912447637015
31 8 -0.148467461975894
32 8 -0.213359001405257
33 8 -0.241665914463948
34 8 -0.219972818923483
35 8 -0.211120605923265
36 8 -0.186794156451781
37 8 -0.149582336954664
38 8 -0.0959164033123146
39 8 -0.0355524396845984
40 8 0.00961496252837598
41 8 0.0511337153624533
42 8 0.0687813579246781
43 8 0.0744195918605322
44 8 0.0805385797250097
45 8 0.0915856506537038
46 8 0.10687550444235
47 8 0.098530548450694
48 8 0.0715860450952151
49 8 0.0433536477660874
50 8 0.0180961089202232
1 9 0.176623317890765
2 9 0.125038060849042
3 9 0.112976691068612
4 9 0.0939686534422601
5 9 0.0498353063870774
6 9 -0.0221746664395413
7 9 -0.114893142727554
8 9 -0.174796471657262
9 9 -0.187627437019275
10 9 -0.184226178112188
11 9 -0.167160935084098
12 9 -0.170401012101114
13 9 -0.162842040462709
14 9 -0.136902187847418
15 9 -0.0955797822334
16 9 -0.0420208814100771
17 9 0.00744370114720611
18 9 0.0310899715270116
19 9 0.0677859723435613
20 9 0.0991681800513169
21 9 0.112503353202042
22 9 0.118336466630277
23 9 0.105653437748699
24 9 0.0800264963907919
25 9 0.0684666664250872
26 9 0.0658431054283844
27 9 0.0569226179667894
28 9 0.0317677339382605
29 9 0.000829270048650647
30 9 -0.0357107754786981
31 9 -0.0823775434333646
32 9 -0.122630641435143
33 9 -0.117525956233763
34 9 -0.0741080399845646
35 9 -0.0360301702280185
36 9 0.0010121711943587
37 9 0.0725678792062676
38 9 0.13826518498411
39 9 0.162882174664774
40 9 0.163051975594919
41 9 0.158043280678682
42 9 0.144672496478595
43 9 0.108493423367109
44 9 0.0690160800106373
45 9 0.0507786381737165
46 9 0.0470068370776589
47 9 0.0552058640076711
48 9 0.0605971523754904
49 9 0.0950862224698285
50 9 0.107503435048878
1 10 0.216928645591805
2 10 0.169214759236347
3 10 0.140000853311737
4 10 0.115999160258735
5 10 0.0762439664927582
6 10 0.00626436391120604
7 10 -0.0684069016227958
8 10 -0.134482541364165
9 10 -0.142947679234659
10 10 -0.128495405634228
11 10 -0.114880621120277
12 10 -0.0963715616813144
13 10 -0.0724940027136085
14 10 -0.0532778329256494
15 10 -0.0247177855416482
16 10 0.0102160385523401
17 10 0.0740663743800161
18 10 0.122891123259597
19 10 0.141562728862494
20 10 0.157100175093467
21 10 0.164692080437568
22 10 0.132433819087156
23 10 0.0984239826180503
24 10 0.0700807281880409
25 10 0.0603779763309406
26 10 0.0397998855291553
27 10 -0.0195578251080647
28 10 -0.0431740806420419
29 10 0.0103461327383739
30 10 0.0673723505186807
31 10 0.0489002708507017
32 10 -0.025479230916482
33 10 -0.0490991237655791
34 10 -0.0132911915822901
35 10 0.0584976777700355
36 10 0.155376037777846
37 10 0.271322227303894
38 10 0.350045268626949
39 10 0.385978612339444
40 10 0.36100354416972
41 10 0.309043684928579
42 10 0.226275688278263
43 10 0.113371328497395
44 10 0.0300677709327849
45 10 0.0278074903240061
46 10 0.0253870391264795
47 10 0.00837062220199734
48 10 -0.0126043019605487
49 10 -0.0177336677864445
50 10 -0.00787268227697905
1 11 0.118958548355761
2 11 0.113107522499686
3 11 0.103664258246094
4 11 0.0859099270139544
5 11 0.0581745962564177
6 11 0.0478155766364532
7 11 0.0259186922841501
8 11 -0.00347251599238155
9 11 -0.0410573814794443
10 11 -0.0816031356665486
11 11 -0.118036991657119
12 11 -0.131922069190546
13 11 -0.118421319984663
14 11 -0.103618317860471
15 11 -0.0764355337266454
16 11 -0.00694019296979752
17 11 0.0889847113772042
18 11 0.181051573343712
19 11 0.244375486296248
20 11 0.257875447371454
21 11 0.223644819674474
22 11 0.167876808662918
23 11 0.101490764874636
24 11 0.0556741608337755
25 11 0.0486826757787686
26 11 0.00245313800101412
27 11 -0.0550171229914545
28 11 -0.0759843828100624
29 11 -0.0608754784449095
30 11 -0.0425061242898434
31 11 -0.0539577388492211
32 11 -0.0494395396222649
33 11 -0.0170050746218485
34 11 0.00701417337173224
35 11 0.048605785262196
36 11 0.113819798810696
37 11 0.215853105187167
38 11 0.319625064838865
39 11 0.394158790979197
40 11 0.41143627629558
41 11 0.39330905070429
42 11 0.317932975023133
43 11 0.158882731746606
44 11 0.0221154116493028
45 11 -0.0290805528642884
46 11 -0.0433413789435607
47 11 -0.0267676342160773
48 11 0.0109560891849809
49 11 0.0387084387218888
50 11 0.0574654174076851
1 12 -0.0638936044582162
2 12 -0.00987122486551786
3 12 0.0405579567522522
4 12 0.0343527155749373
5 12 -0.0157655390179554
6 12 -0.0492754913826112
7 12 -0.108507304687086
8 12 -0.135483116897033
9 12 -0.142662910554649
10 12 -0.161377056044009
11 12 -0.186277912368913
12 12 -0.188113168109119
13 12 -0.176907466331243
14 12 -0.166558687792181
15 12 -0.12164363453944
16 12 -0.0272613368085265
17 12 0.113237608185354
18 12 0.245519383167196
19 12 0.355455380645744
20 12 0.405184212197007
21 12 0.382201785891831
22 12 0.31374623134202
23 12 0.228126640592387
24 12 0.152534391450013
25 12 0.0758433021523492
26 12 0.00839801774634897
27 12 -0.0639686343237116
28 12 -0.105962445157416
29 12 -0.0920709588683399
30 12 -0.0485303767360956
31 12 0.0245872899505401
32 12 0.103798026328005
33 12 0.164833298858738
34 12 0.191529199032647
35 12 0.199648287237996
36 12 0.22736600321309
37 12 0.293949650484277
38 12 0.354812518759183
39 12 0.379936795403005
40 12 0.370220127879141
41 12 0.34577843932794
42 12 0.273691193356455
43 12 0.168594090150992
44 12 0.0753778950691683
45 12 0.0099935862254758
46 12 -0.023362287501368
47 12 -0.00402083941031823
48 12 0.0539767595206067
49 12 0.0875694972877718
50 12 0.0807596921494862
1 13 -0.302811957773583
2 13 -0.271191696771647
3 13 -0.2469860386219
4 13 -0.243111723864876
5 13 -0.212798858518189
6 13 -0.161305669011237
7 13 -0.154256773838116
8 13 -0.162190838582853
9 13 -0.161687484700068
10 13 -0.15667453421003
11 13 -0.156671910537825
12 13 -0.173129240258206
13 13 -0.1874120670832
14 13 -0.18103351804258
15 13 -0.150145965010666
16 13 -0.118085944808625
17 13 -0.0437471112412276
18 13 0.0359903575973262
19 13 0.112135470707222
20 13 0.185766413295027
21 13 0.224964665071515
22 13 0.236343523313338
23 13 0.240952474229062
24 13 0.202883447804988
25 13 0.125441820502878
26 13 0.0453666792638352
27 13 -0.00809972230879264
28 13 -0.0309435666168175
29 13 -0.0204687258209603
30 13 0.00395929166763464
31 13 0.0571834156749091
32 13 0.119957521199765
33 13 0.172905054172222
34 13 0.205697730070981
35 13 0.260920080210523
36 13 0.314380713017205
37 13 0.34839123326885
38 13 0.347066186224122
39 13 0.331484687833983
40 13 0.312238739421825
41 13 0.276865161254192
42 13 0.210779698478479
43 13 0.128554321648211
44 13 0.0560071851659883
45 13 0.0020824764031719
46 13 -0.0144918377152771
47 13 -0.016644317270239
48 13 0.00703563209882296
49 13 0.0194204469539105
50 13 0.0266279128709817
1 14 -0.364619205845155
2 14 -0.377030513706126
3 14 -0.360781863393728
4 14 -0.352928361512203
5 14 -0.350899748652515
6 14 -0.324818711384493
7 14 -0.296267951467058
8 14 -0.269471441521348
9 14 -0.220556424795598
10 14 -0.173810345089259
11 14 -0.16950695418609
12 14 -0.206913701982385
13 14 -0.245403243268194
14 14 -0.266937730995318
15 14 -0.289746519532701
16 14 -0.301868671240203
17 14 -0.270453723602024
18 14 -0.189552071036535
19 14 -0.0979778565012775
20 14 -0.0315666664202494
21 14 0.032402083789163
22 14 0.0789837803435132
23 14 0.099698751633809
24 14 0.0892301387529243
25 14 0.0770386982097529
26 14 0.0416310591589954
27 14 0.0184168249485126
28 14 0.0251470549333861
29 14 0.0394735644588634
30 14 0.0382375410989235
31 14 0.0342602082329197
32 14 0.0543207731156465
33 14 0.0915192366093008
34 14 0.115705402871789
35 14 0.148494807030705
36 14 0.198998002684593
37 14 0.23902266729605
38 14 0.231199188439417
39 14 0.204448770085434
40 14 0.166394054698149
41 14 0.111224358436278
42 14 0.0574122204102885
43 14 -0.00534889495452327
44 14 -0.0669067240753107
45 14 -0.113182870732139
46 14 -0.132675720432346
47 14 -0.126820123807648
48 14 -0.10571091779473
49 14 -0.078509069598071
50 14 -0.0516093584067945
1 15 -0.214860555870354
2 15 -0.279557688533004
3 15 -0.332838465300138
4 15 -0.363365601657377
5 15 -0.403618904536512
6 15 -0.432351837374301
7 15 -0.4135348082811
8 15 -0.362594762530178
9 15 -0.325434821657686
10 15 -0.316678544078881
11 15 -0.321853069831755
12 15 -0.337966218984166
13 15 -0.364379919841159
14 15 -0.352433097029169
15 15 -0.324772702069058
16 15 -0.286993073898395
17 15 -0.25693847998353
18 15 -0.214753608368784
19 15 -0.171501830824228
20 15 -0.139381135136793
21 15 -0.0610427597631479
22 15 0.0238000081856397
23 15 0.0874849102242079
24 15 0.124398429841948
25 15 0.122768595816659
26 15 0.0941727559109407
27 15 0.0714874983942256
28 15 0.0598601536892344
29 15 0.0172784393198295
30 15 -0.0287901268913827
31 15 -0.0651392776362588
32 15 -0.0587925557959745
33 15 -0.0333767439819863
34 15 0.0199612537921499
35 15 0.0746804639325287
36 15 0.10987162227471
37 15 0.107721531246877
38 15 0.0628710434564042
39 15 0.0269744378969307
40 15 -0.0257417032741297
41 15 -0.115734600932029
42 15 -0.216527851124446
43 15 -0.287514841793616
44 15 -0.275234730246614
45 15 -0.232503936361235
46 15 -0.199237939222808
47 15 -0.178672842633367
48 15 -0.176595771589856
49 15 -0.182544289077555
50 15 -0.14018994443161
1 16 -0.0585903121783836
2 16 -0.141293515262022
3 16 -0.225390590583279
4 16 -0.267428686343688
5 16 -0.306359336918389
6 16 -0.330775198298385
7 16 -0.326188302247573
8 16 -0.278965229831315
9 16 -0.248402924354754
10 16 -0.232409088522369
11 16 -0.218192783029319
12 16 -0.224728419476513
13 16 -0.237439406229201
14 16 -0.270387526445634
15 16 -0.275696777338117
16 16 -0.254456837437241
17 16 -0.222614465864057
18 16 -0.192504587485321
19 16 -0.19325864003058
20 16 -0.174432649856786
21 16 -0.0830878051984787
22 16 0.0362601653576384
23 16 0.124261192496547
24 16 0.170470992530533
25 16 0.186286346979551
26 16 0.181461441886929
27 16 0.160873795658092
28 16 0.120710067861984
29 16 0.0438293667051149
30 16 -0.0307599611606055
31 16 -0.0584295787794461
32 16 -0.0419478056950881
33 16 -0.010281806498244
34 16 0.0687392470658246
35 16 0.137669692056812
36 16 0.160990780871188
37 16 0.145164157754494
38 16 0.079152187098968
39 16 -0.0216322017090144
40 16 -0.103159543190504
41 16 -0.188181129811335
42 16 -0.267216251369751
43 16 -0.320265353270277
44 16 -0.315742918926296
45 16 -0.247561545798678
46 16 -0.157146627921307
47 16 -0.0965621018406636
48 16 -0.0886634699397051
49 16 -0.1104250593868
50 16 -0.13611428419359
1 17 -0.044661826948877
2 17 -0.128892973596225
3 17 -0.172410961454836
4 17 -0.181505875225937
5 17 -0.154900173733552
6 17 -0.110791916675551
7 17 -0.0665242039513821
8 17 0.00614824652132937
9 17 0.0765760469030043
10 17 0.108005759029164
11 17 0.100380386130822
12 17 0.0458385176175484
13 17 -0.0126529475525759
14 17 -0.0715051906520668
15 17 -0.133243554119909
16 17 -0.190484481653141
17 17 -0.214576771817156
18 17 -0.211077533644252
19 17 -0.192563974915277
20 17 -0.12570263875389
21 17 -0.00590645911427216
22 17 0.132500075868146
23 17 0.222785291064947
24 17 0.255357230370094
25 17 0.237004727303379
26 17 0.213791833083073
27 17 0.202927375081955
28 17 0.173587915313747
29 17 0.172675360097292
30 17 0.152532132965432
31 17 0.140537330308558
32 17 0.116304027993677
33 17 0.102802741475652
34 17 0.114880326501411
35 17 0.133127915748954
36 17 0.135850130315707
37 17 0.120607580041789
38 17 0.0806403706284978
39 17 0.0175209297328986
40 17 -0.0378432851094528
41 17 -0.0729309011377365
42 17 -0.0756028068885388
43 17 -0.0521560741961565
44 17 -0.0445027386189534
45 17 -0.0435698957016688
46 17 -0.0231032363769598
47 17 -0.00730087758588756
48 17 0.000500013634965967
49 17 0.0258198017590959
50 17 0.0354425871662982
1 18 0.122613506536898
2 18 0.105171257527051
3 18 0.0680411094223905
4 18 0.0461435745988569
5 18 0.0713023248472681
6 18 0.14913125267119
7 18 0.237556407673244
8 18 0.283554976287878
9 18 0.284722658540975
10 18 0.267682503554733
11 18 0.232097550228531
12 18 0.19314584464656
13 18 0.131910814400931
14 18 0.0501324381348365
15 18 -0.0612426290909499
16 18 -0.171725949082859
17 18 -0.248493202988834
18 18 -0.283587428818862
19 18 -0.255019927002536
20 18 -0.181033915533945
21 18 -0.045010796419723
22 18 0.0766137999024975
23 18 0.170444304464125
24 18 0.232843971144506
25 18 0.266499488144044
26 18 0.276353290743788
27 18 0.27039732278579
28 18 0.265779652248475
29 18 0.26958383011378
30 18 0.275532276026328
31 18 0.241574182486069
32 18 0.200984169145199
33 18 0.174001204716253
34 18 0.152207329159284
35 18 0.116204168001206
36 18 0.0697252874839572
37 18 0.0390511036956044
38 18 0.0137397115714815
39 18 -0.00122967877439236
40 18 0.0101743352082754
41 18 0.0367307065606804
42 18 0.0548951576569199
43 18 0.072139660541616
44 18 0.104043484529777
45 18 0.114279992836055
46 18 0.125844794007461
47 18 0.12689799042327
48 18 0.117104355447592
49 18 0.122980645515189
50 18 0.118771967993028
1 19 0.25103969260678
2 19 0.242100062839556
3 19 0.221837030731792
4 19 0.213016884293622
5 19 0.223444854128267
6 19 0.248699413275858
7 19 0.284053307695117
8 19 0.306739726346023
9 19 0.272936520560195
10 19 0.221124878693601
11 19 0.192053306208159
12 19 0.168387766047489
13 19 0.136101278256507
14 19 0.0883671271488875
15 19 0.00411816417386485
16 19 -0.100595182271348
17 19 -0.202797647714621
18 19 -0.268088472447163
19 19 -0.276655910033416
20 19 -0.241784842639508
21 19 -0.185773005113659
22 19 -0.123872493011893
23 19 -0.0416847112806398
24 19 0.0481308223786115
25 19 0.117522664044284
26 19 0.144232672261487
27 19 0.163906646964147
28 19 0.193410809902528
29 19 0.211276669584415
30 19 0.223098462769954
31 19 0.205911914629336
32 19 0.136131021780715
33 19 0.0891773075116619
34 19 0.0813952439330769
35 19 0.0897151343629884
36 19 0.120602096730974
37 19 0.140990167595493
38 19 0.132527652261186
39 19 0.11457701840443
40 19 0.0899912868813555
41 19 0.0726404707451533
42 19 0.0643767452509209
43 19 0.0552558207738683
44 19 0.0609442871772819
45 19 0.0757743273722973
46 19 0.0998466253748903
47 19 0.11604871564753
48 19 0.141878610752306
49 19 0.154231690095966
50 19 0.15234682238371
1 20 0.146276658057158
2 20 0.130580870094778
3 20 0.10386973250359
4 20 0.11192022266553
5 20 0.177605565315547
6 20 0.21524200881897
7 20 0.20860657693085
8 20 0.19252464712048
9 20 0.191343635780556
10 20 0.190200610295182
11 20 0.190099501118138
12 20 0.167593217453645
13 20 0.147756911496573
14 20 0.113858687522867
15 20 0.0555812967054982
16 20 -0.0314301972484204
17 20 -0.131657919083833
18 20 -0.201177684338239
19 20 -0.227401779069588
20 20 -0.233210822880896
21 20 -0.234939643675116
22 20 -0.205574241925145
23 20 -0.170817327579799
24 20 -0.154344017253548
25 20 -0.146423056784191
26 20 -0.13668680815086
27 20 -0.124591047289645
28 20 -0.109538005466468
29 20 -0.0818054030552461
30 20 -0.0232120244482689
31 20 0.00154652977908117
32 20 -0.0304801970350436
33 20 -0.0678038610408242
34 20 -0.0650330196148214
35 20 -0.0219326460459369
36 20 0.0350206478462115
37 20 0.0853912760991641
38 20 0.0958414262684779
39 20 0.0682788862714037
40 20 0.0280432195693479
41 20 0.0183935759182064
42 20 -0.00788854878001035
43 20 -0.0542885202901149
44 20 -0.0838551013433485
45 20 -0.0868850948868668
46 20 -0.0740357342723322
47 20 -0.042061842704418
48 20 0.000250871415880899
49 20 0.0337293688947597
50 20 0.0488358655530534
1 21 0.0103648869801816
2 21 0.00948110351568916
3 21 0.0430647855469652
4 21 0.0931212474612533
5 21 0.168052840831179
6 21 0.244212087258633
7 21 0.281890678309376
8 21 0.289462821005586
9 21 0.269441239464645
10 21 0.252237540556693
11 21 0.22698794637309
12 21 0.193714797589436
13 21 0.148303338630517
14 21 0.0660512781974083
15 21 -0.0380104804240134
16 21 -0.137852778991789
17 21 -0.194414206467815
18 21 -0.210895111118538
19 21 -0.211380937627541
20 21 -0.200570901184801
21 21 -0.150930485800572
22 21 -0.123083677539398
23 21 -0.143226357706747
24 21 -0.19126595812609
25 21 -0.240421983531399
26 21 -0.270517551511489
27 21 -0.291580450495895
28 21 -0.278174796176051
29 21 -0.220219764410399
30 21 -0.143814579447974
31 21 -0.126520601428996
32 21 -0.167668346918484
33 21 -0.199988145280508
34 21 -0.222477577226643
35 21 -0.245910720521393
36 21 -0.256689924366926
37 21 -0.244241408796807
38 21 -0.174269609839446
39 21 -0.114229099998995
40 21 -0.11519509108459
41 21 -0.133538917925933
42 21 -0.156131071769097
43 21 -0.217541850247437
44 21 -0.261624850061559
45 21 -0.260407243833397
46 21 -0.191734513219505
47 21 -0.10768871655471
48 21 -0.0580024455660622
49 21 -0.0425023756096728
50 21 -0.0607744990152257
1 22 -0.243551771575325
2 22 -0.237412012762613
3 22 -0.196690086695642
4 22 -0.11025160443872
5 22 -0.00589059217743168
6 22 0.115748223768255
7 22 0.211366336266277
8 22 0.240392870749446
9 22 0.243266996282523
10 22 0.243868516757928
11 22 0.235201055187889
12 22 0.156474713720071
13 22 0.076982120555914
14 22 0.00968218580703511
15 22 -0.0805400677319167
16 22 -0.17335491805258
17 22 -0.226923451053457
18 22 -0.226397359563472
19 22 -0.202743831746045
20 22 -0.168872659408149
21 22 -0.147911711690358
22 22 -0.13037390876129
23 22 -0.151178676513407
24 22 -0.186483021493282
25 22 -0.210955138624235
26 22 -0.213231653305152
27 22 -0.208862139244935
28 22 -0.190128285907367
29 22 -0.144239810309551
30 22 -0.120151003277382
31 22 -0.124497792985778
32 22 -0.160604896607653
33 22 -0.210358148372013
34 22 -0.241544223051983
35 22 -0.249444950089502
36 22 -0.273579186017915
37 22 -0.282757487387311
38 22 -0.279390770787714
39 22 -0.280555262484542
40 22 -0.269401044721486
41 22 -0.271833174158892
42 22 -0.305964938043444
43 22 -0.327044417623193
44 22 -0.320905010104594
45 22 -0.28771697649189
46 22 -0.226465721658318
47 22 -0.122410669923388
48 22 -0.00298251370674038
49 22 0.0430382722156038
50 22 0.00408395205576176
1 23 -0.379491242744414
2 23 -0.337101611406533
3 23 -0.280946206552535
4 23 -0.191113080492475
5 23 -0.0745707783451226
6 23 0.024666954808021
7 23 0.0998114811601337
8 23 0.162553842424854
9 23 0.179865411464173
10 23 0.169640610806253
11 23 0.128244464620124
12 23 0.0752958699672721
13 23 0.0233971954870778
14 23 -0.0137223212671236
15 23 -0.0483946183492175
16 23 -0.0768944792326167
17 23 -0.104254730558766
18 23 -0.130410102844076
19 23 -0.137206552376783
20 23 -0.144130871376111
21 23 -0.142305516289767
22 23 -0.138731099242538
23 23 -0.139320783101929
24 23 -0.133271440190333
25 23 -0.141061790822349
26 23 -0.157602530919362
27 23 -0.184468960339638
28 23 -0.197714064283854
29 23 -0.186224187609736
30 23 -0.173053769733231
31 23 -0.155019968647698
32 23 -0.136983853514321
33 23 -0.141776665815884
34 23 -0.188248926478408
35 23 -0.222561715679006
36 23 -0.229604551203287
37 23 -0.236729182927604
38 23 -0.244171065977081
39 23 -0.238244891207535
40 23 -0.255211054916391
41 23 -0.306888809667756
42 23 -0.34725365015711
43 23 -0.345320268814004
44 23 -0.293120035175683
45 23 -0.209673464723774
46 23 -0.120831578507856
47 23 -0.0378374924557555
48 23 0.0268324319395922
49 23 0.0538555921180414
50 23 0.0797847023005352
1 24 -0.306060257311597
2 24 -0.277045649330883
3 24 -0.232230991861606
4 24 -0.136604368426731
5 24 -0.03103200194912
6 24 0.0261274512968713
7 24 0.04182860454756
8 24 0.040749116264382
9 24 0.0698886451223023
10 24 0.107645292546979
11 24 0.131116945127179
12 24 0.100088456394917
13 24 0.0381786030044729
14 24 -0.0189914213898384
15 24 -0.0603870505915033
16 24 -0.0948298229091523
17 24 -0.0998161677515711
18 24 -0.0796860839631461
19 24 -0.0942310426422382
20 24 -0.111686545223012
21 24 -0.0960560044937856
22 24 -0.0527639867928728
23 24 -0.0270178513857046
24 24 -0.0384637047645638
25 24 -0.0901920119023665
26 24 -0.134119024850221
27 24 -0.166602936852781
28 24 -0.199529930365721
29 24 -0.231979915549589
30 24 -0.231823226888381
31 24 -0.178611062268096
32 24 -0.105334902360588
33 24 -0.0660282689238242
34 24 -0.076590002916673
35 24 -0.102915222412139
36 24 -0.13118289026018
37 24 -0.156512506388222
38 24 -0.166848316858564
39 24 -0.174551312425236
40 24 -0.220381571398975
41 24 -0.252296939579642
42 24 -0.262276519460911
43 24 -0.252238760052591
44 24 -0.170759201513417
45 24 -0.0523479964324857
46 24 0.0367860533928493
47 24 0.0805741546437999
48 24 0.125526985452013
49 24 0.157417994237015
50 24 0.18254260918696
1 25 -0.0872698068823727
2 25 -0.0146506103276904
3 25 0.0379824227237044
4 25 0.0713844369966839
5 25 0.0988901136967344
6 25 0.114780431228068
7 25 0.115012780086525
8 25 0.123065546248579
9 25 0.141652708085265
10 25 0.153936975146092
11 25 0.160517737609073
12 25 0.162559952750732
13 25 0.1281798565967
14 25 0.0828474556557799
15 25 0.041321412107136
16 25 0.00649843352371058
17 25 0.0224073238885491
18 25 0.0711920258416404
19 25 0.0900270898308663
20 25 0.120767101972534
21 25 0.140820178198048
22 25 0.146229142217262
23 25 0.130453934705777
24 25 0.0958820119108287
25 25 0.0321348130002427
26 25 -0.0648093303592892
27 25 -0.127903213096391
28 25 -0.152281770413185
29 25 -0.145261236011064
30 25 -0.117319712237604
31 25 -0.0864877010242474
32 25 -0.0649424633134476
33 25 -0.0301932932761373
34 25 -0.0196089628462282
35 25 -0.032256802428924
36 25 -0.0537925537409804
37 25 -0.056515666602897
38 25 -0.0790865214572189
39 25 -0.122610331042556
40 25 -0.162262398246054
41 25 -0.179685074649769
42 25 -0.187741276644899
43 25 -0.11886839535698
44 25 -0.00205789711787693
45 25 0.0887645434994691
46 25 0.14713910638425
47 25 0.211798095269507
48 25 0.26021706959114
49 25 0.2648970999118
50 25 0.251430955324988
1 26 0.0238660407808299
2 26 0.0820134990995423
3 26 0.117005700308112
4 26 0.137422674709603
5 26 0.163392310427634
6 26 0.16218253878153
7 26 0.142889200665209
8 26 0.137712066310929
9 26 0.116026796365162
10 26 0.10790475117434
11 26 0.106821446666802
12 26 0.124335700751423
13 26 0.131564749171047
14 26 0.0892537046668298
15 26 0.0598500514586931
16 26 0.0483213470100163
17 26 0.0726641502351917
18 26 0.121180878501887
19 26 0.191168729515462
20 26 0.259142670936401
21 26 0.277017512300798
22 26 0.262076549833844
23 26 0.220872467388905
24 26 0.145569875026714
25 26 0.0720146115378217
26 26 0.0425399483425904
27 26 0.0190260552947763
28 26 -0.0211960285647447
29 26 -0.0687189832849051
30 26 -0.0961203895471598
31 26 -0.110136367951021
32 26 -0.0986760200913631
33 26 -0.0679368815254803
34 26 -0.0572952246155036
35 26 -0.0908460476834893
36 26 -0.130136379320455
37 26 -0.146544691728003
38 26 -0.159529501244821
39 26 -0.180272878773108
40 26 -0.2045050655385
41 26 -0.190760055304963
42 26 -0.127153817347686
43 26 -0.0395279716493898
44 26 0.0718445276465277
45 26 0.184695263137721
46 26 0.266963593356267
47 26 0.33046836531019
48 26 0.35537865514953
49 26 0.346600212994634
50 26 0.318418474075982
1 27 0.0893216753809749
2 27 0.115942994113773
3 27 0.0967507153393533
4 27 0.0851301457972063
5 27 0.0793265368125781
6 27 0.0740782937594097
7 27 0.0772036757449396
8 27 0.0811523051858146
9 27 0.0441517398043455
10 27 0.0125796822854329
11 27 0.0231976092649323
12 27 0.0472106492673096
13 27 0.0639296098605733
14 27 0.0422188123480324
15 27 0.0038554943020888
16 27 -0.0282688802397326
17 27 -0.0175989057566068
18 27 0.0241670049957328
19 27 0.0966765352663529
20 27 0.190553860422497
21 27 0.279055546693875
22 27 0.287503688860641
23 27 0.238431398177838
24 27 0.184247396119132
25 27 0.127105273577201
26 27 0.0844924360488316
27 27 0.0271036984264994
28 27 -0.0319552365134089
29 27 -0.0836709998695511
30 27 -0.125000997655577
31 27 -0.169421270050296
32 27 -0.170580402862501
33 27 -0.1224437943612
34 27 -0.0939410536447031
35 27 -0.135713989623108
36 27 -0.190669844459457
37 27 -0.194494055600975
38 27 -0.184299348436991
39 27 -0.184871878240533
40 27 -0.201839171408934
41 27 -0.19265956318576
42 27 -0.157820925527268
43 27 -0.0788471955443091
44 27 0.0163225743611865
45 27 0.10265938969008
46 27 0.201294890675296
47 27 0.284788752461191
48 27 0.345216103621938
49 27 0.344813277315972
50 27 0.277272028326322
1 28 0.0753189947674307
2 28 0.045837249782125
3 28 0.0127093676926085
4 28 0.0237549156426801
5 28 0.0572511852482168
6 28 0.090018344952388
7 28 0.10010318544921
8 28 0.0827069690184387
9 28 0.060424865033648
10 28 0.0641878534993986
11 28 0.0700096759813041
12 28 0.0521457023112179
13 28 0.0104268228073518
14 28 -0.0441364794389226
15 28 -0.105794556965398
16 28 -0.166764673468621
17 28 -0.190672274429039
18 28 -0.153935752249667
19 28 -0.0704926593643295
20 28 0.0427854152673344
21 28 0.175696071085216
22 28 0.255207082060639
23 28 0.302262007590142
24 28 0.300696964726384
25 28 0.227052659236742
26 28 0.120941666299927
27 28 0.0128339650212546
28 28 -0.0811921433953302
29 28 -0.135892072198747
30 28 -0.140134095986651
31 28 -0.127776359374403
32 28 -0.115340239163195
33 28 -0.108004205940465
34 28 -0.136012251110601
35 28 -0.166268688738708
36 28 -0.185663947269639
37 28 -0.20558372589426
38 28 -0.224417772733577
39 28 -0.221665509964545
40 28 -0.199445610534434
41 28 -0.176389540044242
42 28 -0.14391586905531
43 28 -0.0904977792028276
44 28 -0.0199501210586792
45 28 0.0727762376187076
46 28 0.179901803843133
47 28 0.264505768490094
48 28 0.29021211629272
49 28 0.254939825389818
50 28 0.167821320025438
1 29 0.0518940368580679
2 29 0.0468161508990382
3 29 0.0457711840534396
4 29 0.0466854499466019
5 29 0.0729429271723198
6 29 0.150011874222556
7 29 0.223589132566168
8 29 0.264550113218035
9 29 0.2815554911398
10 29 0.282936782576735
11 29 0.207835500800231
12 29 0.0916780306640798
13 29 -0.00759954382856944
14 29 -0.102952174656577
15 29 -0.162449983482601
16 29 -0.169474515359864
17 29 -0.143418586020483
18 29 -0.0972548609773843
19 29 -0.0379240580737659
20 29 0.0170736532516314
21 29 0.0690942539898127
22 29 0.151298253234268
23 29 0.241818945075665
24 29 0.269733683746479
25 29 0.212857105957317
26 29 0.118476169352319
27 29 0.0394895775988732
28 29 -0.0323659878954937
29 29 -0.0737564005140987
30 29 -0.0738720932689514
31 29 -0.0890747842908498
32 29 -0.116034193280776
33 29 -0.146911764036134
34 29 -0.178347131865679
35 29 -0.196532061238602
36 29 -0.193920277162559
37 29 -0.184009577308043
38 29 -0.159530499799513
39 29 -0.155718071371756
40 29 -0.184985248231546
41 29 -0.213850986437832
42 29 -0.197765307077177
43 29 -0.181474216232973
44 29 -0.149888713197535
45 29 -0.101780674137219
46 29 0.0082939097662186
47 29 0.131909801468382
48 29 0.166229935636965
49 29 0.12403065809454
50 29 0.0635300622411466
1 30 0.139385555192557
2 30 0.140824991163142
3 30 0.12429120542869
4 30 0.103838324433277
5 30 0.0980144117654773
6 30 0.127788466703612
7 30 0.189464755698684
8 30 0.22952301010148
9 30 0.235673227063211
10 30 0.215075686163356
11 30 0.164291154732606
12 30 0.112556315689808
13 30 0.0649181220535006
14 30 0.0316319638460727
15 30 0.0264785709965482
16 30 0.0618511266416909
17 30 0.131078008241055
18 30 0.160722220728999
19 30 0.183179144579343
20 30 0.183677673366547
21 30 0.179581136862897
22 30 0.186919458958086
23 30 0.172860143746267
24 30 0.161867812517207
25 30 0.139706208792829
26 30 0.104772701013259
27 30 0.0815754150379079
28 30 0.0790192435146539
29 30 0.0660170319716589
30 30 0.0355361192362243
31 30 -0.00349927765174126
32 30 -0.0330371037737546
33 30 -0.0617710796464136
34 30 -0.117239399425018
35 30 -0.170380447469114
36 30 -0.158996503090178
37 30 -0.113673784486701
38 30 -0.0649467310650397
39 30 -0.0641130783722746
40 30 -0.107506906027112
41 30 -0.173367295782244
42 30 -0.228620714681904
43 30 -0.283104895002002
44 30 -0.305524165247803
45 30 -0.261650887009774
46 30 -0.176788176790416
47 30 -0.102045206962454
48 30 -0.0378904751350001
49 30 -0.00922051852740403
50 30 -0.0392554550857564
1 31 0.174286081623897
2 31 0.145134892915365
3 31 0.118547711090917
4 31 0.105284256318757
5 31 0.0781455705533676
6 31 0.0953876756827623
7 31 0.152471365368073
8 31 0.198900782692857
9 31 0.203268492075138
10 31 0.181590714131882
11 31 0.17093108307901
12 31 0.179325836822149
13 31 0.175181923467252
14 31 0.184331803790628
15 31 0.177557878719706
16 31 0.167351979145994
17 31 0.181561854056381
18 31 0.220729855802308
19 31 0.233269211681313
20 31 0.249654073261952
21 31 0.283506571256626
22 31 0.319103261366697
23 31 0.301744123175121
24 31 0.272100916894253
25 31 0.26618702584929
26 31 0.267569790141705
27 31 0.259158156500666
28 31 0.235019322129966
29 31 0.185887824563667
30 31 0.147663043515073
31 31 0.119896504778613
32 31 0.0733306422848036
33 31 0.0359311572906641
34 31 -0.00184936838927647
35 31 -0.0144583916346226
36 31 -0.0020978828100137
37 31 -0.00193037068845713
38 31 0.0114770034779361
39 31 0.032773202904612
40 31 0.0262735484849214
41 31 -0.0380410063948976
42 31 -0.135342939947116
43 31 -0.218636209129959
44 31 -0.267596141407555
45 31 -0.26298371665573
46 31 -0.225256587815732
47 31 -0.143724316313895
48 31 -0.0696866436668949
49 31 -0.0223000246730147
50 31 -0.0288208877430965
1 32 0.122901048392533
2 32 0.0631549736605933
3 32 0.033143577841644
4 32 0.0306092246013177
5 32 0.0348782644947386
6 32 0.0564508031615504
7 32 0.0768911267094358
8 32 0.102787169420172
9 32 0.139315086932708
10 32 0.171144003104379
11 32 0.185794966377185
12 32 0.174141923635774
13 32 0.158193241308853
14 32 0.136680595468316
15 32 0.108984617162267
16 32 0.108118475141037
17 32 0.139330891581865
18 32 0.180080275464002
19 32 0.215573688538657
20 32 0.241084168076104
21 32 0.265578280261603
22 32 0.276034883827345
23 32 0.280880901707082
24 32 0.311705737460717
25 32 0.315533630795934
26 32 0.312043579172762
27 32 0.28775557104138
28 32 0.23594657095769
29 32 0.196693544902646
30 32 0.167628761910723
31 32 0.141400404621771
32 32 0.131698053361177
33 32 0.0997704643827561
34 32 0.0432444838177016
35 32 -0.0103478721734732
36 32 -0.0381075261784727
37 32 -0.0304756902995652
38 32 -0.0113573392725961
39 32 -0.0146411740776099
40 32 -0.019899959265439
41 32 -0.0685561748310343
42 32 -0.141280444400479
43 32 -0.199619208738825
44 32 -0.221897722759421
45 32 -0.172547756395484
46 32 -0.105731588708312
47 32 -0.0456175683153732
48 32 0.0111420594079708
49 32 0.0262290307732023
50 32 -0.0208734643879006
1 33 0.0663765822825483
2 33 0.0230193809953797
3 33 -0.0179505305722623
4 33 -0.0255195965572414
5 33 0.00948748769066682
6 33 0.0514755822246135
7 33 0.0858744471403948
8 33 0.116571088710884
9 33 0.15955679533502
10 33 0.199267261905499
11 33 0.2134092226017
12 33 0.162438028004619
13 33 0.105890065812052
14 33 0.0509110811838314
15 33 0.0358548441404789
16 33 0.104539696257002
17 33 0.193140276002161
18 33 0.22878607139554
19 33 0.207923989003359
20 33 0.163908656908131
21 33 0.130986868108075
22 33 0.120451922024866
23 33 0.119435508301973
24 33 0.140164383378744
25 33 0.192444852959435
26 33 0.239137163925986
27 33 0.263367041251443
28 33 0.246777140264459
29 33 0.199067430298037
30 33 0.152990537635852
31 33 0.137797902893623
32 33 0.128367662660017
33 33 0.0873115758893331
34 33 0.033606841076642
35 33 -0.0110051913714663
36 33 -0.033486201728703
37 33 -0.0815754641064474
38 33 -0.115011405453056
39 33 -0.111378380267734
40 33 -0.108446164023322
41 33 -0.119475425875281
42 33 -0.12167723876815
43 33 -0.104855114889267
44 33 -0.0646910823717935
45 33 -0.031908490687122
46 33 0.0282522302868354
47 33 0.0750036414966148
48 33 0.112219529446944
49 33 0.10724906920444
50 33 0.066512608225873
1 34 0.062769100529376
2 34 0.0311913703563521
3 34 -0.0189387000445308
4 34 -0.0236879909002891
5 34 0.00959812597075072
6 34 0.03425880338869
7 34 0.0368100602562147
8 34 0.0338118059569816
9 34 0.044789723602584
10 34 0.0406037079152595
11 34 0.0428476613031688
12 34 0.0199728046344667
13 34 0.00421925230676675
14 34 0.00724692913648018
15 34 0.0154561462650019
16 34 0.0531582881677275
17 34 0.0690752803139616
18 34 0.0645057206252429
19 34 0.0540862714892351
20 34 0.0633104639147221
21 34 0.0949288422215785
22 34 0.0929649939874819
23 34 0.0383433639058895
24 34 0.000747263334703607
25 34 0.0207961435233732
26 34 0.0586588958239747
27 34 0.0987229610864572
28 34 0.1282287151571
29 34 0.122091376747777
30 34 0.0835598106747977
31 34 0.0631924377934026
32 34 0.0367414145897495
33 34 -0.00252578437200909
34 34 -0.0599591009269424
35 34 -0.131623286924002
36 34 -0.195916441138179
37 34 -0.249608624325808
38 34 -0.265461559840293
39 34 -0.23071675049108
40 34 -0.16650562126915
41 34 -0.114383470494949
42 34 -0.0962676704181084
43 34 -0.0593413516838282
44 34 0.0143455280134888
45 34 0.0846826052389004
46 34 0.116873070876176
47 34 0.156191508870497
48 34 0.176974625620974
49 34 0.183440388016114
50 34 0.177566983620748
1 35 0.0642431301134574
2 35 0.0604508412576838
3 35 0.0568800337924474
4 35 0.0363214830193153
5 35 -0.0145200503137877
6 35 -0.0446921838370195
7 35 -0.0303257104595937
8 35 -0.000412231041755469
9 35 0.0335854649120155
10 35 0.0288302730729195
11 35 -0.0245414232984804
12 35 -0.0599260339858195
13 35 -0.0760318409395284
14 35 -0.0747266262691614
15 35 -0.089244377868108
16 35 -0.098884973591402
17 35 -0.115462401272858
18 35 -0.135942434611336
19 35 -0.106191196646848
20 35 -0.050787181859485
21 35 0.000864836277729143
22 35 0.0247166633317947
23 35 0.00666382094929924
24 35 -0.0331227892974243
25 35 -0.082203139581416
26 35 -0.0897048717170179
27 35 -0.0538542454254243
28 35 -0.030025281878289
29 35 0.00151124619601289
30 35 0.0345761137717749
31 35 0.0423025289351579
32 35 0.0151133070616813
33 35 -0.0355757552297458
34 35 -0.0993458181246395
35 35 -0.165604469090746
36 35 -0.210683027167352
37 35 -0.242830915785582
38 35 -0.240015925776021
39 35 -0.173436695578084
40 35 -0.0678190661964599
41 35 0.000882422438499916
42 35 0.0290613442588541
43 35 0.052221171486601
44 35 0.113758227446907
45 35 0.189752257865039
46 35 0.241459550027308
47 35 0.264551692749088
48 35 0.259122005698113
49 35 0.247043487128533
50 35 0.234164969725435
1 36 0.040713882629304
2 36 0.0620366799968384
3 36 0.0487728081940242
4 36 0.018484124438521
5 36 -0.0440431222840848
6 36 -0.116912279184173
7 36 -0.137296358982476
8 36 -0.105807829464922
9 36 -0.0570419234500634
10 36 -0.0339926078575316
11 36 -0.0499792236552708
12 36 -0.100172960561145
13 36 -0.157696380924619
14 36 -0.201615754732385
15 36 -0.226950666032061
16 36 -0.223434284553848
17 36 -0.216486470268955
18 36 -0.220750406865419
19 36 -0.20651979734815
20 36 -0.147800956311507
21 36 -0.0980957046988793
22 36 -0.0876793121872119
23 36 -0.0959973097472782
24 36 -0.116099047041683
25 36 -0.147207847904103
26 36 -0.146086326423939
27 36 -0.124890572260034
28 36 -0.0916997939340846
29 36 -0.0672232151917844
30 36 -0.0537663275940152
31 36 -0.051302259827329
32 36 -0.051473700744022
33 36 -0.0594002402209769
34 36 -0.0786310519317677
35 36 -0.117242936782872
36 36 -0.173367504271737
37 36 -0.198537436837228
38 36 -0.176229533843871
39 36 -0.10715467032748
40 36 -0.0428945729572429
41 36 0.0216544189159742
42 36 0.0625273186832403
43 36 0.137750959203855
44 36 0.244046273537339
45 36 0.335873367834596
46 36 0.39973890118178
47 36 0.392766871717578
48 36 0.322426632571213
49 36 0.23898797212393
50 36 0.16072197254129
1 37 0.0869656925728674
2 37 0.0665289318045178
3 37 0.0558612779380975
4 37 0.0576108283748511
5 37 0.0208986996795758
6 37 -0.0484648790285271
7 37 -0.0893163825076918
8 37 -0.0750912794651889
9 37 -0.0386407047571455
10 37 0.00314006097269214
11 37 -0.0117693066238098
12 37 -0.0654200103600115
13 37 -0.159656762191106
14 37 -0.236654277032356
15 37 -0.253215850982309
16 37 -0.224529224565393
17 37 -0.183374958597815
18 37 -0.135498173046254
19 37 -0.103253023392412
20 37 -0.0805639994325637
21 37 -0.0803446768148214
22 37 -0.101769529330043
23 37 -0.092082630353114
24 37 -0.0937387696030642
25 37 -0.133256083372921
26 37 -0.136901506087972
27 37 -0.122556689272728
28 37 -0.124604067594722
29 37 -0.104654432157345
30 37 -0.053151499990551
31 37 -0.0414509125928564
32 37 -0.0564749757795194
33 37 -0.0583241568874698
34 37 -0.0885100737617213
35 37 -0.126876248476673
36 37 -0.142963210784393
37 37 -0.153802202648775
38 37 -0.167317761423727
39 37 -0.12955352126977
40 37 -0.0683263778320611
41 37 -0.00510187720190321
42 37 0.0565069648513356
43 37 0.131351705748585
44 37 0.200590591456203
45 37 0.27839716338752
46 37 0.34008346797318
47 37 0.324972249842535
48 37 0.245755825014823
49 37 0.147542188542863
50 37 0.0737419008589097
1 38 -0.00752014519277702
2 38 0.00544760590183844
3 38 0.0298461346899858
4 38 0.0411333871785882
5 38 0.0182863170054209
6 38 -0.0284164579414684
7 38 -0.0768619788215849
8 38 -0.109646294174016
9 38 -0.0948124411673422
10 38 -0.0306960628617282
11 38 -0.022973405983452
12 38 -0.0674930487541883
13 38 -0.132949663245053
14 38 -0.170536087883574
15 38 -0.173948571668853
16 38 -0.130476281162497
17 38 -0.0736776840548266
18 38 -0.0274746392713147
19 38 -0.000716572577634984
20 38 -0.0252176245587277
21 38 -0.0309181557598848
22 38 0.0138297090900704
23 38 0.0479555070761159
24 38 0.0309037502584346
25 38 -0.00255637613405183
26 38 -0.0294854257305455
27 38 -0.0379258020317269
28 38 -0.0619088248949711
29 38 -0.0956728773169738
30 38 -0.123710128542417
31 38 -0.150605837508728
32 38 -0.17107770884195
33 38 -0.186734770405609
34 38 -0.20728263524735
35 38 -0.215018662407933
36 38 -0.198453353022368
37 38 -0.171902274416245
38 38 -0.145230879394159
39 38 -0.0968384818528251
40 38 -0.0185591872103799
41 38 0.0276114746986779
42 38 0.04563911820257
43 38 0.0386781152288683
44 38 0.0539134044949125
45 38 0.103945843659649
46 38 0.0971773281748865
47 38 0.0221283388305359
48 38 -0.0293905153235359
49 38 -0.0539068146413761
50 38 -0.067039388504559
1 39 -0.0591753619974175
2 39 -0.0601836277162895
3 39 -0.0754756169197446
4 39 -0.112655094815031
5 39 -0.151415464239052
6 39 -0.173994472971717
7 39 -0.164838540752212
8 39 -0.143098222125755
9 39 -0.0824544568983949
10 39 -0.00148475725226249
11 39 0.0347099152759944
12 39 0.026949479663349
13 39 -0.015483020740849
14 39 -0.0517846890302146
15 39 -0.0673396314704951
16 39 -0.0432642379727428
17 39 -0.0114842683555758
18 39 0.0384224412371623
19 39 0.0569907604708643
20 39 0.0394608790194385
21 39 0.0418072169734527
22 39 0.0573510493897726
23 39 0.0714728292007481
24 39 0.0854268914741174
25 39 0.0666993440613098
26 39 0.0475720061981102
27 39 0.0374084259658176
28 39 -0.0231824550755914
29 39 -0.133202039171446
30 39 -0.23585812117799
31 39 -0.308843204484852
32 39 -0.333414949037706
33 39 -0.324369152640609
34 39 -0.302629433474474
35 39 -0.301965694673152
36 39 -0.272887062747517
37 39 -0.227918307346442
38 39 -0.170955961755649
39 39 -0.110245637469114
40 39 -0.0581802998080529
41 39 -0.0324804336384606
42 39 -0.0237492472318654
43 39 -0.0332253034483325
44 39 -0.0286570419042173
45 39 -0.0311656088905019
46 39 -0.0580666223228105
47 39 -0.0802498076220879
48 39 -0.0796884122355359
49 39 -0.0509270362026916
50 39 -0.0419861226237752
1 40 -0.0998794287751355
2 40 -0.158251107160456
3 40 -0.185729607397492
4 40 -0.211758313622688
5 40 -0.241980553458224
6 40 -0.248968419349288
7 40 -0.240982330616843
8 40 -0.218036125377511
9 40 -0.186015188417232
10 40 -0.13508443965365
11 40 -0.0488570021854877
12 40 0.0101435695257903
13 40 -0.00238056154629315
14 40 -0.0293845728723229
15 40 -0.0475242350952015
16 40 -0.0264092111135844
17 40 0.023952231524076
18 40 0.0689055220897686
19 40 0.0760946689596678
20 40 0.0644461437588803
21 40 0.0608992845674165
22 40 0.0591059011588512
23 40 0.0359698469068165
24 40 0.0215158030516536
25 40 -0.00891848483935592
26 40 -0.0424295829861117
27 40 -0.0987154391457137
28 40 -0.158234086894062
29 40 -0.213896031150004
30 40 -0.2857948279731
31 40 -0.352795332114163
32 40 -0.405285091859454
33 40 -0.432642418006753
34 40 -0.392689702771802
35 40 -0.331986177039155
36 40 -0.274324171391972
37 40 -0.242616632333875
38 40 -0.205580704330492
39 40 -0.136075247302535
40 40 -0.114676087850799
41 40 -0.140082782685999
42 40 -0.178068397311467
43 40 -0.198896233400538
44 40 -0.212135578388014
45 40 -0.222155268155579
46 40 -0.206533627386518
47 40 -0.135560770149562
48 40 -0.0348321869966341
49 40 0.0338067836573244
50 40 0.049007510170599
1 41 -0.201798251911592
2 41 -0.244498032217031
3 41 -0.252928018336594
4 41 -0.222086955226665
5 41 -0.164744559338812
6 41 -0.150864894725058
7 41 -0.174892836465804
8 41 -0.191394634692982
9 41 -0.180324603448963
10 41 -0.12596255594426
11 41 -0.0622780415627624
12 41 0.00271983389500128
13 41 0.0506235247956208
14 41 0.0654846704838445
15 41 0.0818977009874783
16 41 0.0880639925710222
17 41 0.0899238407662371
18 41 0.0791624279771661
19 41 0.0562542561373502
20 41 0.0232263553488399
21 41 0.0105575591173173
22 41 -0.00590257896255168
23 41 -0.0314976520261079
24 41 -0.0724018658792543
25 41 -0.128253190839887
26 41 -0.194159603612192
27 41 -0.247263540543759
28 41 -0.282942629559022
29 41 -0.295271575642232
30 41 -0.311635161297185
31 41 -0.363159805106049
32 41 -0.410346932582793
33 41 -0.420852149755223
34 41 -0.403251353660709
35 41 -0.372295731715957
36 41 -0.369801130015247
37 41 -0.395787504420001
38 41 -0.381226858028883
39 41 -0.318291608077266
40 41 -0.244706786038451
41 41 -0.221312146435856
42 41 -0.236566633883976
43 41 -0.249339386943489
44 41 -0.240212604280936
45 41 -0.211247641863083
46 41 -0.171225281879193
47 41 -0.136986807777187
48 41 -0.0968265573898853
49 41 -0.0740757460794818
50 41 -0.0392716667532526
1 42 -0.249994980552224
2 42 -0.262304322977654
3 42 -0.260622552154597
4 42 -0.234642194964646
5 42 -0.193330916065958
6 42 -0.161223457607934
7 42 -0.135979023149119
8 42 -0.116413729490755
9 42 -0.112365463853331
10 42 -0.0640529166443266
11 42 -9.23896417367939e-05
12 42 0.0735675498946074
13 42 0.118176590698071
14 42 0.153159809402851
15 42 0.204310779296559
16 42 0.226869770042744
17 42 0.213387137913472
18 42 0.181444442812113
19 42 0.095364612624322
20 42 0.0376193895658527
21 42 0.0504865618423131
22 42 0.0495879017550489
23 42 0.0156742470858641
24 42 -0.0552788266259216
25 42 -0.122738129478588
26 42 -0.160873727467679
27 42 -0.191929188535001
28 42 -0.192440417216879
29 42 -0.201433703510903
30 42 -0.213894025261946
31 42 -0.201720394030187
32 42 -0.200099635461612
33 42 -0.199740183821381
34 42 -0.236592132621523
35 42 -0.299141202724034
36 42 -0.38473933406747
37 42 -0.458403311331794
38 42 -0.453617717853313
39 42 -0.370201365147335
40 42 -0.274650826340582
41 42 -0.220540781704488
42 42 -0.218876768331903
43 42 -0.235719010902192
44 42 -0.224669424398946
45 42 -0.197142298694033
46 42 -0.17330517243432
47 42 -0.159552099387978
48 42 -0.126704750314975
49 42 -0.0874378298001442
50 42 -0.0529426100341647
1 43 -0.126891763187155
2 43 -0.120742582667417
3 43 -0.1201897096814
4 43 -0.136356739340347
5 43 -0.13692991898925
6 43 -0.097495794446108
7 43 -0.0464584821647373
8 43 -0.0171847976211326
9 43 -0.0165428089678587
10 43 -0.0133868366281708
11 43 -0.00209205058829751
12 43 0.0544577264753519
13 43 0.120078547490002
14 43 0.204261544339898
15 43 0.254905783024688
16 43 0.255434639137655
17 43 0.249555461861465
18 43 0.24058191296304
19 43 0.213330279817447
20 43 0.181949307607255
21 43 0.145688595504087
22 43 0.100771683353777
23 43 0.0512805592130506
24 43 0.0185658305662206
25 43 0.0197025267513413
26 43 0.0366125002042178
27 43 0.0490596187083483
28 43 0.0461235781219697
29 43 0.013668945759643
30 43 -0.0222760562950301
31 43 -0.0685232532575319
32 43 -0.090051876199335
33 43 -0.106777255202897
34 43 -0.132098357960095
35 43 -0.15371528466982
36 43 -0.170351704033833
37 43 -0.182710268926139
38 43 -0.16276574303441
39 43 -0.111494129926246
40 43 -0.0541723689793266
41 43 -0.0297866100652259
42 43 -0.0501973697396771
43 43 -0.119764698619948
44 43 -0.158297934186612
45 43 -0.110903484189052
46 43 -0.0416476284531838
47 43 -0.00574639340958769
48 43 0.00672779415025063
49 43 0.0132173378790936
50 43 0.0141173911941458
1 44 -0.0525398915834397
2 44 -0.097606628614311
3 44 -0.115703823085409
4 44 -0.115130477633283
5 44 -0.107382530190012
6 44 -0.100743688214892
7 44 -0.0627973485965091
8 44 -0.0224922149294396
9 44 -0.0109309363450568
10 44 -0.0111636759779502
11 44 0.000962770714360867
12 44 0.0651403683871804
13 44 0.100129767126838
14 44 0.131800949597237
15 44 0.163212936636362
16 44 0.158412925563795
17 44 0.168129441150328
18 44 0.184450011017231
19 44 0.194800954828957
20 44 0.193403399533113
21 44 0.192505228297904
22 44 0.19036174957637
23 44 0.167044109039939
24 44 0.142271626683382
25 44 0.115313979988853
26 44 0.120704558675559
27 44 0.149989561631267
28 44 0.167202284909644
29 44 0.141644551089886
30 44 0.0868715551278866
31 44 0.0471174857478783
32 44 0.010818472226298
33 44 -0.01036134761923
34 44 -0.0221822383298167
35 44 0.00431874689895259
36 44 0.0562850242158563
37 44 0.0952040767079287
38 44 0.125041395400937
39 44 0.131666336736678
40 44 0.126753749862602
41 44 0.108833408476893
42 44 0.060793322778272
43 44 -0.00901414773360549
44 44 -0.0587191687820583
45 44 -0.060908164573452
46 44 -0.0428572590102581
47 44 -0.0262444445401227
48 44 -0.00490895140199502
49 44 0.0514542224399305
50 44 0.11529525375095
1 45 0.0367671324691093
2 45 -0.00109606640619591
3 45 -0.0608341541555221
4 45 -0.113975778853031
5 45 -0.12684904777991
6 45 -0.0931619531966945
7 45 -0.0452704235120367
8 45 -0.0279812925585887
9 45 -0.0200716154714161
10 45 0.0142066103716395
11 45 0.072972081379924
12 45 0.0908242037930207
13 45 0.0825420772225158
14 45 0.093639207900602
15 45 0.109548870207001
16 45 0.0889452254813069
17 45 0.0356414755809731
18 45 0.0240296487451446
19 45 0.0594624909475878
20 45 0.117066771183428
21 45 0.174483412663607
22 45 0.211714846920756
23 45 0.212369085577936
24 45 0.170300832209814
25 45 0.131417249866502
26 45 0.100676482209094
27 45 0.118266712500526
28 45 0.185868225717246
29 45 0.226768680683044
30 45 0.194343835499199
31 45 0.128306698025298
32 45 0.111070120227015
33 45 0.139936546028727
34 45 0.17156219722177
35 45 0.208687027524137
36 45 0.21765738385891
37 45 0.203663186115548
38 45 0.166453398739407
39 45 0.109859275194214
40 45 0.0493239079565707
41 45 -4.28013490282641e-05
42 45 -0.0687304642999745
43 45 -0.139015612410194
44 45 -0.176778777132347
45 45 -0.149636416299711
46 45 -0.0724796540060419
47 45 -0.00804982199423176
48 45 0.0372631083835855
49 45 0.087579059325717
50 45 0.114146672241234
1 46 0.088880201823612
2 46 0.042283720000041
3 46 0.0372675749124403
4 46 0.040924183438629
5 46 0.0436986965269018
6 46 0.0373569663393983
7 46 0.0262160265312203
8 46 -0.00204093202038781
9 46 -0.0270079725329254
10 46 -0.0268883060274005
11 46 -0.00151318842909757
12 46 0.0399006947131212
13 46 0.0716706311980656
14 46 0.0952220583091782
15 46 0.0958940752794287
16 46 0.0783458337130825
17 46 0.0310789747357627
18 46 0.00558948296991059
19 46 0.0192762593925055
20 46 0.0288527939259668
21 46 0.0323730554802622
22 46 0.00778954180575447
23 46 -0.0289456637689019
24 46 -0.0320071533225307
25 46 0.0077764806262381
26 46 0.0524031612306018
27 46 0.0964927949396769
28 46 0.134183998481592
29 46 0.150087983942135
30 46 0.149119191710222
31 46 0.151727207704586
32 46 0.151767887076521
33 46 0.1577490086346
34 46 0.171185658828692
35 46 0.204358718438501
36 46 0.246009319729875
37 46 0.261266960820069
38 46 0.242051834466773
39 46 0.162693483655871
40 46 0.0644883939563279
41 46 -0.0120826275370499
42 46 -0.0907911198712968
43 46 -0.154058755885751
44 46 -0.175938910268521
45 46 -0.157689053975746
46 46 -0.0892456277248156
47 46 0.0145246430944744
48 46 0.104339368638839
49 46 0.174697531032344
50 46 0.199715981266096
1 47 0.126904348769402
2 47 0.116323904557946
3 47 0.125012282569915
4 47 0.147811810631232
5 47 0.13794295189184
6 47 0.0958203722813293
7 47 0.0449189269097783
8 47 -0.0365450075301943
9 47 -0.0986865947594379
10 47 -0.123364374755178
11 47 -0.124072505489495
12 47 -0.111043115582418
13 47 -0.088413636386077
14 47 -0.0729294803211472
15 47 -0.0888969393123355
16 47 -0.113276827071591
17 47 -0.12090279219487
18 47 -0.10970440800334
19 47 -0.111716619576294
20 47 -0.123273474248202
21 47 -0.138498695138977
22 47 -0.174897747583971
23 47 -0.205590644526251
24 47 -0.192237047624423
25 47 -0.160361588069375
26 47 -0.0974077723308008
27 47 -0.0327804125475685
28 47 0.0430018451464668
29 47 0.0799121434223798
30 47 0.0874130410150561
31 47 0.103860757521449
32 47 0.0977157173548651
33 47 0.0563908672273907
34 47 0.0198713998937608
35 47 0.0465397562997404
36 47 0.102215109250494
37 47 0.133486128318887
38 47 0.127429250001566
39 47 0.0763163965044302
40 47 0.0142647084464654
41 47 -0.0331078110601795
42 47 -0.0454237976518139
43 47 -0.0554282951604638
44 47 -0.0276304391995884
45 47 0.0122299048336198
46 47 0.0660358286855185
47 47 0.146912197348503
48 47 0.190686786929244
49 47 0.209619037117085
50 47 0.206996648296454
1 48 0.0324281816009582
2 48 0.0369650947471346
3 48 0.0598680838213755
4 48 0.0756846957606545
5 48 0.0777839101874999
6 48 0.0669504872097782
7 48 0.0583160732003909
8 48 0.0317671120489147
9 48 -0.0340232845788874
10 48 -0.0965717463079146
11 48 -0.143449895805262
12 48 -0.165414851081913
13 48 -0.15218039738945
14 48 -0.144246186306613
15 48 -0.180769564382199
16 48 -0.210785732939686
17 48 -0.17883649295057
18 48 -0.104202713715734
19 48 -0.0491315156546102
20 48 -0.023583847359044
21 48 -0.0299110951749192
22 48 -0.0445515843141095
23 48 -0.0639099378796038
24 48 -0.0577798818888308
25 48 -0.0346097005349492
26 48 -0.0154207907311973
27 48 0.0239562224141018
28 48 0.0443706597191732
29 48 0.0452100242965065
30 48 0.0452867571247869
31 48 0.0318218885318405
32 48 -0.0154290224608702
33 48 -0.0827346099397833
34 48 -0.123494898584315
35 48 -0.118345471101061
36 48 -0.0850687729917997
37 48 -0.0641139173737357
38 48 -0.0325030632468369
39 48 -0.0203593930323234
40 48 -0.0332919162334949
41 48 -0.0511477669746975
42 48 -0.0465501775591502
43 48 -0.0243362266326441
44 48 -0.00101127005964243
45 48 0.0404072033334184
46 48 0.0823938231736381
47 48 0.0735033661830479
48 48 0.0623051552289246
49 48 0.0688706611559579
50 48 0.0558958588414791
1 49 -0.0546231286221715
2 49 -0.0417994976387497
3 49 -0.0256549523398822
4 49 0.010308738628748
5 49 0.0552911209016971
6 49 0.0958746897976629
7 49 0.0998341856996164
8 49 0.0712772869427271
9 49 0.01611476050828
10 49 -0.0269517591266691
11 49 -0.0791191902692134
12 49 -0.120871567067061
13 49 -0.127948511266485
14 49 -0.125596368023572
15 49 -0.13506820330024
16 49 -0.152189801989735
17 49 -0.140746242497957
18 49 -0.122830413893219
19 49 -0.0727541156684652
20 49 -0.000549407380172902
21 49 0.0478418735091852
22 49 0.0415577512281813
23 49 0.00443102135353145
24 49 -0.0220392555241572
25 49 -0.00838859393534473
26 49 0.0136250447598852
27 49 0.0350452119491341
28 49 0.0311698300727515
29 49 0.0251509544425395
30 49 0.0185137420556232
31 49 0.0105686846724656
32 49 -0.0175974379215093
33 49 -0.0849448424324915
34 49 -0.1423615629817
35 49 -0.150369658418918
36 49 -0.126326439262409
37 49 -0.063098225773942
38 49 -0.00776997249146899
39 49 0.0580396901710553
40 49 0.10435365319656
41 49 0.104641610278212
42 49 0.070863174210634
43 49 0.0431565582058311
44 49 0.0577757400348305
45 49 0.0952998424492082
46 49 0.105602025165457
47 49 0.0692932515393316
48 49 0.0124888682989038
49 49 -0.0474263308448754
50 49 -0.059867527006537
1 50 -0.0798475278963166
2 50 -0.064928140823866
3 50 0.00209250737472249
4 50 0.0721037598329376
5 50 0.107841564681134
6 50 0.100344979002568
7 50 0.0552888726769502
8 50 0.0256237968577637
9 50 0.0166049248320791
10 50 -0.000990512248364053
11 50 -0.0208403381512841
12 50 -0.0616632435596695
13 50 -0.0945796689602514
14 50 -0.122427114842354
15 50 -0.168515097657875
16 50 -0.205043951366607
17 50 -0.187502091195087
18 50 -0.14456235122064
19 50 -0.114011423866781
20 50 -0.0714328318500009
21 50 -0.0306681111957325
22 50 -0.0182906296185944
23 50 -0.0320917944419924
24 50 -0.0405493365521711
25 50 -0.0442907354273032
26 50 -0.0507102287582995
27 50 -0.0564269882672556
28 50 -0.0646895451420663
29 50 -0.0444507633758432
30 50 -0.0142596463456056
31 50 -0.032860182994349
32 50 -0.0724234730721194
33 50 -0.098158013310858
34 50 -0.109319568408318
35 50 -0.126424329265227
36 50 -0.105527008471058
37 50 -0.0479855109009536
38 50 0.00462080833380391
39 50 0.0532167209808884
40 50 0.0780373567877971
41 50 0.0646584988415776
42 50 0.0279527871103728
43 50 0.018180008467034
44 50 0.0178944061193537
45 50 0.0452295847550315
46 50 0.0647786546140482
47 50 0.028869615157999
48 50 -0.0575143330216245
49 50 -0.138447015268615
50 50 -0.172365812568946